Dimensionality: 13
Train size: (86, 13)
Test size: (44, 13)
F1-score: 0.975609756097561

Classification of the zero vector: 1
Number of missclassifications (skiped): 1
Number of failures (skiped): 0
Number of invalid counterfactuals: 0
Train size: (87, 13)
Test size: (43, 13)
F1-score: 0.923076923076923

Classification of the zero vector: 1
Number of missclassifications (skiped): 3
Number of failures (skiped): 0
Number of invalid counterfactuals: 0
Train size: (87, 13)
Test size: (43, 13)
F1-score: 0.9824561403508771

Classification of the zero vector: 0
Number of missclassifications (skiped): 1
Number of failures (skiped): 0
Number of invalid counterfactuals: 0
Num samples: 73

PP
[8.0, 8.0, 9.0, 11.0, 10.0, 9.0, 9.0, 6.0, 10.0, 10.0, 8.0, 11.0, 9.0, 11.0, 7.0, 7.0, 5.0, 5.0, 8.0, 7.0, 9.0, 7.0, 8.0, 8.0, 8.0, 10.0, 8.0, 10.0, 8.0, 6.0, 10.0, 9.0, 6.0, 6.0, 8.0, 11.0, 8.0, 10.0, 4.0, 5.0, 7.0, 9.0, 7.0, 10.0, 9.0, 5.0, 5.0, 5.0, 8.0, 8.0, 9.0, 7.0, 8.0, 6.0, 6.0, 7.0, 7.0, 6.0, 8.0, 6.0, 7.0, 9.0, 8.0, 8.0, 5.0, 10.0, 10.0, 8.0, 3.0, 7.0, 5.0, 8.0, 4.0]
[3.800771354760736, 1.6576067820208369, 2.5287803067343164, 1.0378425645832206, 1.68669104985248, 2.4086561288723187, 4.608442844813118, 3.2095431929771068, 1.5772049992653763, 1.0684490779964206, 1.7050853825621692, 0.47153565499904315, 1.4273746173319586, 1.5386697249870414, 2.449265339155244, 2.6449734092150714, 5.6750055584133055, 2.8522238551422676, 2.739202843271653, 3.29906852413236, 1.202105263195879, 4.1842149702326275, 3.185613081163465, 5.445370470150022, 4.878772351836787, 1.804395426678291, 3.71246254598838, 2.404588460578579, 3.4007534533099326, 6.6973365466333785, 1.8046546035040962, 2.428177252340867, 2.846979928282395, 3.5390399925983083, 2.452482003168186, 0.3123550884892181, 2.0279434695288425, 0.950936679343597, 6.996146759105731, 4.074313636571149, 4.101120149860592, 4.294587783074836, 5.499961854013186, 1.8078524425471572, 1.7886712919910281, 7.48196848923677, 7.190106330179146, 7.426053591256702, 1.9457847164747548, 3.3302662050958096, 0.9983799909830745, 5.729495254739359, 3.295172163966768, 5.1169732375992565, 5.4139976659919595, 4.537147761424469, 4.295007004398005, 6.704282079827369, 4.72161861363534, 6.105330549156041, 4.663827540624812, 1.475243975852408, 4.106957871765784, 3.0369436728330133, 6.199034052973502, 1.1153865440740152, 1.4382067714082651, 3.795641070065159, 7.781268660838011, 4.496729747877757, 5.732823489214239, 4.1484559312211795, 6.0979602681767995]
=>Sparsity:
Mean: 7.698630136986301
Median: 8.0
Var: 3.4434227810095703
Std: 1.8556461896087761
=>Closeness:
Mean: 3.542565643372087
Median: 3.29906852413236
Var: 3.6637985826236
Std: 1.9141051649853515

PP+
[0.015505018236573243, 0.08910465224543312, 0.011648769098898115, 0.007842564583220524, 0.0066910498524801465, 0.9722120223140237, 0.012638635798204012, 0.013842269457452983, 0.008696344543962842, 0.0049363844381390964, 1.301944009930479, 0.3255974465698649, 0.011436408902780415, 0.005551311393636071, 0.010947440549550325, 0.03663784178446655, 0.015710892231568074, 0.5011018634724267, 0.015394153843260816, 1.1921824505877752, 0.6528370514359183, 2.550780402316782, 0.013763862897355206, 1.3453704701500218, 1.2343727616497246, 0.7247691738987195, 1.404584011940825, 0.014007576503825336, 2.100172569235179, 1.093998273200491, 0.007532234703168106, 0.0034664877030952113, 0.013834163438902536, 1.122093219295972, 0.017346204714685398, 0.005276016174853404, 0.01028307810075385, 0.008268469298544412, 0.026790916728390957, 0.33392022970701385, 1.8657685758339464, 1.4066652569145628, 0.017120967102956408, 0.003616483909032686, 1.0321409514443913, 0.02380334636691095, 0.3733607419436329, 1.0562684387877177, 0.013062462467454933, 0.9667459344501964, 0.0033524028346799684, 0.01510292553924053, 0.010398158875522312, 0.015968868759328236, 0.00897373335112106, 0.022356288044294792, 1.9103670406220945, 0.01737117410930611, 1.734251421367684, 0.4257782232705691, 1.8487776001640148, 0.007607548066978831, 0.01975215075356318, 0.5615180935824469, 0.01742042463763699, 0.00998235258267971, 0.007338345356094345, 1.1072428262279088, 0.028246017328188378, 0.016729747877757162, 0.018077691953059638, 0.008595295097557965, 1.0004589201719796]
=>Sparsity:
Mean: 7.698630136986301
Median: 8.0
Var: 3.4434227810095703
Std: 1.8556461896087761
=>Closeness:
Mean: 0.4495521796263414
Median: 0.01742042463763699
Var: 0.4238277667342797
Std: 0.6510205578430528

Feature overlap
[5, 5, 4, 2, 3, 4, 4, 7, 3, 3, 5, 2, 4, 2, 6, 6, 8, 8, 5, 6, 4, 6, 5, 5, 5, 3, 5, 3, 5, 7, 3, 4, 7, 7, 5, 2, 5, 3, 9, 8, 6, 4, 6, 3, 4, 8, 8, 8, 5, 5, 4, 6, 5, 7, 7, 6, 6, 7, 5, 7, 6, 4, 5, 5, 8, 3, 3, 5, 10, 6, 8, 5, 9]
=>
Mean: 5.301369863013699
Median: 5.0
Var: 3.4434227810095703
Std: 1.8556461896087761

$7.7 (\pm 3.44)$
$3.54 (\pm 3.66)$
$0.45 (\pm 0.42)$
$5.3 (\pm 3.44)$
Error in AA type 1, iter: 8, info: 0, norm 2.11e+04
Error in AA type 1, iter: 9, info: 0, norm 1.64e+04
